.3934693403
.6321205588
.7768698399
.8646647168
.9179150014
.9502129316
.9698026166
.9816843611
.9888910035
.993262053
.9959132286
.9975212478
.9984965608
.999088118
.9994469156
.9045019554
.8185272847
.7406948109
.6702451942
.6064852598
.5487840997
.4965686021
.449318834
.4065635155
.3678757145
.3328688234
.3011928409
.2725309615
.2465964596
.2231298542
.2018963325
.1826834116
.1652988199
.1495685778
.1353352581
.1224564131
.1108031492
.1002588381
.0907179498999999
.0820849965
.0742735769
.0672055119
.0608100621
.0550232198
.0497870682
.0450492023
.0407622039
.0368831674
.03337327
0.
