0.
0.
0.
0.
0.
.7452785477
.092694478
1.354905433
.265089454
1.634906076
.1105261189
1.319371064
1.027653409
.119105741
.443906773
1.317814741
1.55032002
.8678987252
.474557401
.281431954
.202948464
.188896742
.226038516
.328757473
.5250481964
.8370158822
1.233617354
.6801619704
.2293437075
.055603997
.2834533285
.8673962944
.4334178227
.0516646792
.3033429852
.7215123835
.0999811196
.2054683034
.6185291544
.0518494362
.3445208057
.2769153617
.0819072425
.5311193015
.0304502037
.4866749205
.0489393661
.3614885394
.0612513942
.3228518375
.0486973619
.3483984077
.0261033971
.4195296163
.0271708738
.244687109
.0912072623
.0865072666
.2376988556
.0166215193
.2095729125
.0969473354
.0346158515
.2634561053
.0522160701
.0447684209
.2459559166
.0496453572
.0295440223
.1803278216
.0775835228
.0108929374
.0913980876
.1424695337
.0271547052
.0195590126
.1048677042
.1061690943
.0220273714
.0135399751
.07095092099
.1203051914
.0412881751
.0070199418
.0222080156
.07194582033
.09381673204
.03752266254
.00826407247
.00912682616
.03399860418
.07161904196
.06768513509
.03137459776
.00977140193
.00406365516
.01203350311
.02942232181
.05130379771
.0610604584
.03739583537
.01949828123
.00817923619
.00321481215
.00367535546
.00825351712
.01553904389
.02421735391
.03318996993
.0416280743
.03746952853
.02813351317
.02044487985
.01436408865
.00975319068
.00641747768
.00413816965
.00269614916
.00188766071
.00153337579
.00148252343
.00161346715
.00183204961
.00206866165
.00227476318
.00241932817
.00248554963
.00246792827
.00236984613
.00220158873
.00197874964
.00172100625
.00145112411
.00119409376
.00097638168
.00082512449
.00076727906
.000828619
.00103257353
.0013988861
.00194211505
.00267000721
.003581852838
.00466695016
.005903276106
.007256645815
.008680511586
.009561654068
.007409989248
.005419972304
