0.
0.
0.
0.
0.
.7452785477
.8379730257
2.1928784587
2.4579679127
4.0928739887
4.2034001076
5.5227711716
6.5504245806
6.6695303216
7.1134370946
8.4312518356
9.9815718556
10.8494705808
11.3240279818
10.8601813881
10.9704353741
9.8044266831
9.7653757451
8.4592271421
8.8737492196
8.3913940378
8.5973579828
9.1584142122
8.9438511467
7.6816404027
6.4147737112
6.4142712804
6.3731317021
6.1433644273
6.2437589485
6.77637459
6.6503171936
6.527028024
6.620508982
5.835342536
4.9462459877
4.542999379
4.395562914
4.8710782185
4.6180750937
4.2373537198
3.8528752632
4.1626991234
3.9206075324
3.5219469864
