0.
0.
0.
0.
0.
.7452785477
.91250088047
1.82950863265
2.47258336223
3.06002149595
3.3072296582
3.3980196222
4.68768816104
3.67013360626
3.92744967134
4.8686119536
6.10146211197
5.16742234213
6.04394574227
4.78373277003
3.96000367648
2.8988964731
2.7187603532
3.31045354936
3.71870863114
3.81262381364
3.92845462146
3.76421021926
3.10868481812
2.67009311905
2.32113569673
2.69473147604
3.14264651488
3.09865484302
3.24690265895
3.2856311218
2.02326738616
1.62202356501
2.61341970073
2.23671221393
1.89678628401
2.09924197691
1.63759338537
1.80039194846
1.96155507193
1.61915016878
1.71121110973
1.73475843512
1.36355893502
1.4546486356
