0.
0.
0.
0.
0.
.293244258503261
.507578327141889
1.17069225815503
1.67719576068259
2.62769107950923
3.24768427121177
4.14286121315517
5.09016358295067
5.71159597180901
6.26317747354733
7.11624826264077
8.24366524632658
9.26896975236967
10.0775721581381
10.6787491541719
11.052312801314
11.3232379372563
11.4257905136195
11.5339560051197
11.59041488105
11.842639167169
12.2610736888373
12.5618406007948
12.6828336375266
12.6054918173995
12.4141464227823
12.3363068714107
12.1922878925726
11.8882961640934
11.6094634663748
11.5277047814353
11.3333645242741
11.1191571290481
11.0540486618651
10.8424047700143
10.6260165474006
10.3323438678493
9.94736893008894
9.72395249827773
9.42840189262893
9.26121553978756
8.95054133354822
8.70638316085293
8.42337312670081
8.20897799931145
