0.
0.
0.
0.
0.
.14905570954
.31665031468
.75522600642
1.24681958896
2.0653943867
2.75701869868
3.69397832786
4.56548755224
5.40780003402
6.0119126552
6.8574830008
7.7492431376
8.53452448287
9.38162671234
10.06074343471
10.49037795628
10.48423721465
10.33867181929
10.03200933193
9.67130475215
9.42550308191
9.34425485677
9.29657770318
9.08325524229
8.8247446123
8.43457467687
8.10650794172
7.71985014252
7.41070396986
7.23126708414
7.11847683622
6.844089411
6.5721919678
6.44533768624
6.28695837036
6.07770210827
5.9264154903
5.7423661737
5.47298493128
5.17858591169
4.94032699444
4.67864339919
4.48442641319
4.30959946917
4.24072221861
